# Simple Text Format
# Sampling Rate (Hz):= 1000.00
# Resolution:= 12
# Labels:= ECG
324.0
323.0
321.0
322.0
322.0
322.0
324.0
326.0
330.0
328.0
327.0
331.0
330.0
327.0
330.0
335.0
339.0
337.0
334.0
327.0
318.0
336.0
337.0
338.0
339.0
339.0
339.0
339.0
339.0
338.0
338.0
337.0
337.0
337.0
336.0
335.0
334.0
334.0
333.0
334.0
330.0
329.0
329.0
323.0
318.0
324.0
326.0
324.0
321.0
319.0
319.0
319.0
318.0
319.0
320.0
320.0
321.0
322.0
323.0
317.0
318.0
325.0
325.0
320.0
321.0
324.0
324.0
322.0
320.0
325.0
326.0
321.0
323.0
325.0
324.0
321.0
319.0
323.0
326.0
324.0
325.0
329.0
329.0
328.0
329.0
329.0
328.0
327.0
330.0
332.0
332.0
339.0
341.0
335.0
327.0
324.0
320.0
313.0
311.0
317.0
318.0
314.0
312.0
315.0
315.0
314.0
311.0
314.0
316.0
315.0
315.0
319.0
323.0
331.0
349.0
361.0
360.0
351.0
320.0
281.0
253.0
248.0
268.0
292.0
308.0
312.0
315.0
315.0
318.0
320.0
323.0
322.0
319.0
323.0
325.0
323.0
322.0
321.0
324.0
324.0
322.0
323.0
325.0
326.0
325.0
326.0
330.0
328.0
327.0
328.0
330.0
327.0
331.0
337.0
337.0
335.0
334.0
338.0
340.0
340.0
341.0
343.0
341.0
338.0
338.0
339.0
336.0
333.0
333.0
336.0
333.0
329.0
332.0
328.0
327.0
326.0
326.0
327.0
322.0
321.0
321.0
321.0
322.0
322.0
323.0
321.0
315.0
320.0
325.0
323.0
323.0
326.0
326.0
324.0
320.0
323.0
327.0
325.0
322.0
321.0
325.0
327.0
325.0
326.0
324.0
322.0
319.0
325.0
324.0
321.0
323.0
326.0
325.0
322.0
321.0
322.0
324.0
322.0
326.0
327.0
328.0
328.0
332.0
333.0
331.0
330.0
333.0
333.0
335.0
337.0
344.0
342.0
332.0
322.0
318.0
316.0
311.0
316.0
321.0
318.0
316.0
318.0
318.0
315.0
315.0
318.0
318.0
318.0
318.0
318.0
324.0
330.0
345.0
358.0
360.0
358.0
335.0
292.0
255.0
243.0
265.0
291.0
308.0
316.0
318.0
322.0
324.0
321.0
324.0
326.0
325.0
323.0
322.0
326.0
328.0
326.0
326.0
328.0
326.0
326.0
327.0
323.0
326.0
331.0
331.0
329.0
328.0
331.0
333.0
334.0
332.0
333.0
337.0
337.0
339.0
341.0
341.0
336.0
340.0
345.0
344.0
337.0
335.0
341.0
339.0
334.0
334.0
336.0
331.0
329.0
332.0
333.0
328.0
324.0
324.0
326.0
324.0
319.0
319.0
324.0
322.0
321.0
324.0
323.0
320.0
319.0
322.0
324.0
321.0
324.0
327.0
324.0
321.0
325.0
326.0
326.0
325.0
326.0
326.0
324.0
325.0
327.0
328.0
326.0
322.0
321.0
324.0
323.0
322.0
326.0
325.0
321.0
320.0
319.0
320.0
319.0
319.0
321.0
322.0
319.0
319.0
322.0
321.0
316.0
320.0
326.0
324.0
323.0
327.0
331.0
331.0
332.0
336.0
340.0
342.0
343.0
342.0
336.0
327.0
320.0
317.0
316.0
316.0
314.0
315.0
320.0
319.0
317.0
316.0
316.0
313.0
316.0
319.0
318.0
321.0
330.0
341.0
356.0
358.0
358.0
337.0
290.0
256.0
244.0
256.0
278.0
300.0
314.0
320.0
322.0
322.0
323.0
322.0
320.0
322.0
320.0
321.0
325.0
327.0
324.0
321.0
322.0
321.0
322.0
326.0
327.0
326.0
324.0
325.0
327.0
329.0
326.0
327.0
328.0
333.0
333.0
331.0
332.0
336.0
336.0
336.0
339.0
340.0
336.0
336.0
339.0
339.0
335.0
335.0
335.0
332.0
331.0
329.0
335.0
333.0
327.0
326.0
329.0
325.0
322.0
322.0
320.0
317.0
316.0
318.0
322.0
318.0
316.0
321.0
322.0
316.0
316.0
323.0
323.0
322.0
322.0
324.0
323.0
322.0
322.0
325.0
321.0
322.0
325.0
326.0
322.0
319.0
323.0
325.0
323.0
322.0
324.0
323.0
317.0
320.0
323.0
321.0
322.0
321.0
323.0
323.0
320.0
320.0
322.0
321.0
318.0
320.0
320.0
317.0
321.0
324.0
324.0
322.0
320.0
324.0
329.0
328.0
329.0
334.0
338.0
339.0
339.0
338.0
332.0
324.0
318.0
317.0
318.0
315.0
316.0
319.0
317.0
315.0
315.0
316.0
310.0
311.0
321.0
323.0
318.0
319.0
330.0
344.0
353.0
350.0
347.0
328.0
289.0
257.0
243.0
254.0
278.0
301.0
317.0
322.0
320.0
320.0
319.0
320.0
325.0
328.0
327.0
325.0
323.0
326.0
326.0
324.0
323.0
324.0
327.0
326.0
328.0
330.0
328.0
325.0
326.0
328.0
330.0
329.0
328.0
331.0
334.0
333.0
337.0
337.0
334.0
338.0
345.0
344.0
341.0
340.0
341.0
339.0
338.0
339.0
338.0
336.0
334.0
335.0
333.0
331.0
329.0
328.0
326.0
317.0
320.0
321.0
320.0
321.0
320.0
317.0
316.0
313.0
314.0
318.0
319.0
317.0
318.0
320.0
319.0
318.0
321.0
324.0
321.0
318.0
320.0
324.0
323.0
321.0
322.0
321.0
319.0
320.0
322.0
321.0
321.0
320.0
319.0
320.0
319.0
320.0
322.0
322.0
320.0
320.0
321.0
318.0
317.0
320.0
326.0
327.0
327.0
329.0
326.0
326.0
326.0
327.0
329.0
330.0
332.0
336.0
331.0
326.0
321.0
317.0
314.0
313.0
313.0
314.0
317.0
318.0
318.0
319.0
317.0
315.0
317.0
318.0
313.0
314.0
320.0
323.0
326.0
334.0
352.0
358.0
351.0
337.0
303.0
268.0
244.0
249.0
275.0
297.0
311.0
320.0
324.0
323.0
323.0
324.0
324.0
324.0
325.0
328.0
330.0
328.0
326.0
326.0
325.0
324.0
325.0
331.0
328.0
327.0
331.0
335.0
333.0
331.0
331.0
335.0
334.0
331.0
334.0
336.0
334.0
334.0
339.0
342.0
342.0
341.0
344.0
348.0
344.0
341.0
344.0
340.0
335.0
335.0
337.0
334.0
333.0
337.0
340.0
334.0
329.0
325.0
325.0
328.0
323.0
323.0
325.0
322.0
321.0
323.0
321.0
317.0
319.0
323.0
325.0
323.0
322.0
324.0
326.0
324.0
327.0
329.0
325.0
324.0
327.0
329.0
326.0
326.0
329.0
328.0
324.0
323.0
325.0
325.0
326.0
324.0
324.0
325.0
324.0
323.0
324.0
326.0
324.0
325.0
327.0
327.0
324.0
324.0
324.0
321.0
324.0
330.0
334.0
331.0
327.0
329.0
332.0
334.0
331.0
336.0
340.0
341.0
337.0
335.0
334.0
323.0
319.0
321.0
322.0
317.0
317.0
320.0
320.0
320.0
320.0
319.0
318.0
320.0
322.0
322.0
318.0
317.0
328.0
338.0
352.0
361.0
363.0
358.0
324.0
279.0
255.0
256.0
274.0
294.0
312.0
321.0
321.0
320.0
322.0
323.0
323.0
324.0
325.0
321.0
319.0
325.0
328.0
324.0
323.0
325.0
325.0
323.0
323.0
328.0
329.0
327.0
327.0
329.0
327.0
324.0
327.0
331.0
331.0
326.0
330.0
337.0
337.0
336.0
339.0
340.0
338.0
337.0
340.0
341.0
338.0
336.0
338.0
336.0
332.0
332.0
336.0
337.0
331.0
330.0
328.0
325.0
326.0
327.0
324.0
321.0
321.0
322.0
326.0
322.0
320.0
320.0
323.0
322.0
320.0
322.0
322.0
320.0
321.0
324.0
324.0
321.0
320.0
322.0
324.0
325.0
326.0
327.0
325.0
323.0
324.0
324.0
325.0
326.0
327.0
327.0
323.0
319.0
322.0
326.0
323.0
322.0
326.0
324.0
320.0
321.0
325.0
322.0
318.0
321.0
325.0
323.0
319.0
320.0
324.0
322.0
319.0
319.0
324.0
323.0
322.0
324.0
325.0
324.0
325.0
330.0
332.0
331.0
333.0
339.0
342.0
338.0
337.0
338.0
329.0
320.0
318.0
320.0
319.0
316.0
318.0
315.0
312.0
317.0
323.0
321.0
317.0
315.0
318.0
321.0
323.0
333.0
349.0
362.0
364.0
363.0
347.0
297.0
252.0
245.0
264.0
286.0
301.0
314.0
323.0
322.0
318.0
321.0
323.0
323.0
324.0
325.0
325.0
324.0
324.0
326.0
327.0
324.0
323.0
323.0
326.0
327.0
330.0
332.0
329.0
328.0
330.0
332.0
331.0
328.0
329.0
335.0
335.0
335.0
339.0
338.0
336.0
337.0
344.0
346.0
342.0
342.0
344.0
340.0
338.0
337.0
342.0
340.0
335.0
336.0
336.0
332.0
329.0
330.0
330.0
325.0
323.0
326.0
323.0
323.0
323.0
325.0
325.0
320.0
319.0
323.0
324.0
322.0
321.0
323.0
323.0
321.0
319.0
323.0

